0.010156268597229172 ; 0.0
0.02010117443632014 ; 0.0
0.03002383150252699 ; 0.0
0.04011440806561923 ; 0.0
0.05018480989138296 ; 0.0
0.060041020158033614 ; 0.0
0.07005665438695126 ; 0.0
0.08006072632936982 ; 0.0
0.09003508725409881 ; 0.0
0.10017014251259372 ; 0.0
0.11010391060764967 ; 0.0
0.12001121847042456 ; 0.0
0.1300754218688094 ; 0.0
0.14012423541147795 ; 0.0
0.15014168329229624 ; 0.0
0.16013385942544117 ; 0.0
0.1701109214575502 ; 0.0
0.1800626441739026 ; 0.0
0.19017182311141048 ; 0.0
0.200076025150138 ; 0.0
0.21013701612299912 ; 0.0
0.2201731456200281 ; 0.0
0.23000897397190975 ; 0.0
0.24000017874760673 ; 0.0
0.25014900863757256 ; 0.0
0.2601044707568009 ; 0.0
0.2700373290493642 ; 0.0
0.28012555918571436 ; 0.0
0.29002706752481433 ; 0.0
0.3000827549870534 ; 0.0
0.3101280633684881 ; 0.0
0.32015838490129755 ; 0.0
0.33008871200885875 ; 0.0
0.3400349362093816 ; 0.0
0.3500907595366137 ; 0.0
0.3600263039737304 ; 0.0
0.3700019558008599 ; 0.0
0.38000558923112737 ; 0.0
0.39002980955636574 ; 0.0
0.40006980173788936 ; 0.0
0.41012226001403385 ; 0.0
0.42018482187756867 ; 0.0
0.43006917428357694 ; 0.0
0.44014700293505343 ; 0.0
0.45004405981334894 ; 0.0
0.46013300961267284 ; 0.0
0.4700395496237696 ; 0.0
0.48013697655509974 ; 0.0
0.49005087887302934 ; 0.0
0.5001549940330408 ; 0.0
0.5100747880665999 ; 0.0
0.5201843234993211 ; 0.0
0.530108947149093 ; 0.0
0.5400356565364619 ; 0.0
0.5501516327633265 ; 0.0
0.5600820592930048 ; 0.0
0.5700141202949712 ; 0.0
0.5801351390419116 ; 0.0
0.5900701573381842 ; 0.0
0.6000064942981018 ; 0.0
0.6101315785761993 ; 0.0
0.6200703300322609 ; 0.0
0.6300101702052132 ; 0.0
0.6401386095267259 ; 0.0
0.6500804627819143 ; 0.0
0.6600232319831926 ; 0.0
0.670154493209245 ; 0.0
0.6800989698902721 ; 0.0
0.6900442292644255 ; 0.0
0.7001779012771038 ; 0.0
0.7101246293381359 ; 0.0
0.7200720349258127 ; 0.0
0.7300200881237419 ; 0.0
0.7401564775527718 ; 0.0
0.750105754832769 ; 0.0
0.7600556007847153 ; 0.0
0.7700059926160444 ; 0.0
0.7801446669378876 ; 0.0
0.7900960967828023 ; 0.0
0.8000480116121298 ; 0.0
0.8100003936112634 ; 0.0
0.8201410194902085 ; 0.0
0.8300942944001252 ; 0.0
0.8400479885221915 ; 0.0
0.8500020876651627 ; 0.0
0.8601444026398288 ; 0.0
0.8700992791984725 ; 0.0
0.8800545222337 ; 0.0
0.8900101202402246 ; 0.0
0.9001539134724414 ; 0.0
0.9101101952983063 ; 0.0
0.9200668006507897 ; 0.0
0.9300237200559189 ; 0.0
0.9401688194718738 ; 0.0
0.9501263456896715 ; 0.0
0.9600841598647052 ; 0.0
0.9700422540907286 ; 0.0
0.9800006207846584 ; 0.0
0.9901471539287985 ; 0.0
1.000106048970482 ; 0.0
1.0100651955113351 ; 0.0
1.0200245871907665 ; 0.0
1.030172137650056 ; 0.0
1.04013200569055 ; 0.0
1.0500921010008895 ; 0.0
1.0600524181128723 ; 0.0
1.0700129517800923 ; 0.0
1.0801616375316607 ; 0.0
1.0901225931683023 ; 0.0
1.1000837506305827 ; 0.0
1.110045105397188 ; 0.0
1.1200066530868045 ; 0.0
1.1301563485434598 ; 0.0
1.140118272972508 ; 0.0
1.1500803779774578 ; 0.0
1.1600426597247595 ; 0.0
1.1700051145329464 ; 0.0
1.1801557144608619 ; 0.0
1.1901185078464631 ; 0.0
1.2000814638538997 ; 0.0
1.2100445792142034 ; 0.0
1.2200078507912027 ; 0.0
1.2301592661366012 ; 0.0
1.2401228439083167 ; 0.0
1.2500865689727063 ; 0.0
1.2600504385498865 ; 0.0
1.2700144499369477 ; 0.0
1.2801666046721 ; 0.0
1.2901308944381156 ; 0.0
1.3000953183125212 ; 0.0
1.3100598738790776 ; 0.0
1.3200245588228277 ; 0.0
1.3301773873791245 ; 0.0
1.3401423266350476 ; 0.0
1.3501073885678243 ; 0.0
1.3600725710923343 ; 0.0
1.3700378721682118 ; 0.0
1.3800032897893686 ; 0.0
1.3901568520370624 ; 0.0
1.4001224991303265 ; 0.0
1.4100882570711275 ; 0.0
1.4200541240843125 ; 0.0
1.430020098415525 ; 0.0
1.4401742185883861 ; 0.0
1.4501404044063277 ; 0.0
1.4601066925278199 ; 0.0
1.4700730813450944 ; 0.0
1.4800395693194723 ; 0.0
1.4900061549559014 ; 0.0
1.5001608882984234 ; 0.0
1.5101276666349375 ; 0.0
1.5200945382649906 ; 0.0
1.5300615018238821 ; 0.0
1.5400285559782405 ; 0.0
1.5501837595763492 ; 0.0
1.560150992657315 ; 0.0
1.5701183124335223 ; 0.0
1.5800857176781098 ; 0.0
1.5900532071995697 ; 0.0
1.6000207798237207 ; 0.0
1.6101765041378435 ; 0.0
1.6201442410687088 ; 0.0
1.6301120577138015 ; 0.0
1.6400799529938264 ; 0.0
1.6500479258519003 ; 0.0
1.660015975253191 ; 0.0
1.6701721787325319 ; 0.0
1.6801403795964238 ; 0.0
1.6901086540045576 ; 0.0
1.7000770010028274 ; 0.0
1.7100454196559425 ; 0.0
1.7200139090474622 ; 0.0
1.730170554967662 ; 0.0
1.7401391844506195 ; 0.0
1.7501078820081712 ; 0.0
1.7600766467894846 ; 0.0
1.7700454779626023 ; 0.0
1.7800143747068269 ; 0.0
1.790171430452903 ; 0.0
1.8001404571629913 ; 0.0
1.8101095470886903 ; 0.0
1.8200786994719511 ; 0.0
1.8300479135654864 ; 0.0
1.8400171886359178 ; 0.0
1.850174625210562 ; 0.0
1.8601440212298537 ; 0.0
1.870113476112762 ; 0.0
1.8800829891770046 ; 0.0
1.890052559752986 ; 0.0
1.9000221871932348 ; 0.0
1.910179978630029 ; 0.0
1.9201497189183727 ; 0.0
1.9301195141592085 ; 0.0
1.9400893637473458 ; 0.0
1.9500592670783468 ; 0.0
1.9600292235624928 ; 0.0
1.970187346503262 ; 0.0
1.9801574085398097 ; 0.0
1.9901275220072494 ; 0.0
2.000097686355205 ; 0.0
2.010067901038235 ; 0.0
2.0200381655260267 ; 0.0
2.0300084792901774 ; 0.0
2.040166962328592 ; 0.0
2.0501373740114652 ; 0.0
2.0601078334372156 ; 0.0
2.0700783401128504 ; 0.0
2.080048893551477 ; 0.0
2.090019493277543 ; 0.0
2.10017826464479 ; 0.0
2.1101489563934517 ; 0.0
2.120119693031818 ; 0.0
2.1300904741118742 ; 0.0
2.1400612991928543 ; 0.0
2.1500321678390923 ; 0.0
2.160003079622816 ; 0.0
2.1701621657464387 ; 0.0
2.180133163339354 ; 0.0
2.19010420281426 ; 0.0
2.200075283767679 ; 0.0
2.2100464058024474 ; 0.0
2.2200175685266585 ; 0.0
2.2301769078451703 ; 0.0
2.2401481515452315 ; 0.0
2.250119434786182 ; 0.0
2.260090757198128 ; 0.0
2.2700621184170164 ; 0.0
2.280033518083664 ; 0.0
2.290004955843559 ; 0.0
2.3001645727561018 ; 0.0
2.310136086363179 ; 0.0
2.3201076370242797 ; 0.0
2.3300792244041295 ; 0.0
2.3400508481727127 ; 0.0
2.3500225080043236 ; 0.0
2.3601823491184786 ; 0.0
2.3701540807820147 ; 0.0
2.38012584755201 ; 0.0
2.3900976491194452 ; 0.0
2.4000694851801683 ; 0.0
2.4100413554342786 ; 0.0
2.420013259584872 ; 0.0
2.43017334742953 ; 0.0
2.440145319125295 ; 0.0
2.450117323846537 ; 0.0
2.4600893613121886 ; 0.0
2.470061431244461 ; 0.0
2.4800335333689785 ; 0.0
2.490005667415492 ; 0.0
2.5001659874894298 ; 0.0
2.510138185172153 ; 0.0
2.5201104139810955 ; 0.0
2.5300826736592583 ; 0.0
2.540054963952711 ; 0.0
2.5500272846108407 ; 0.0
2.5601877932361132 ; 0.0
2.570160174446189 ; 0.0
2.5801325852834207 ; 0.0
2.5901050255091427 ; 0.0
2.6000774948878065 ; 0.0
2.6100499931866885 ; 0.0
2.6200225201761533 ; 0.0
2.630183237324722 ; 0.0
2.64015582154704 ; 0.0
2.6501284337824553 ; 0.0
2.6601010738119455 ; 0.0
2.6700737414190465 ; 0.0
2.6800464363899206 ; 0.0
2.69001915851302 ; 0.0
2.7001800729138616 ; 0.0
2.7101528492197176 ; 0.0
2.7201256520544574 ; 0.0
2.7300984812164337 ; 0.0
2.740071336506341 ; 0.0
2.7500442177270017 ; 0.0
2.7600171246835186 ; 0.0
2.7701782259652754 ; 0.0
2.7801511842943523 ; 0.0
2.7901241677843527 ; 0.0
2.8000971762491162 ; 0.0
2.8100702095045897 ; 0.0
2.820043267368721 ; 0.0
2.8300163496615096 ; 0.0
2.8401776282585214 ; 0.0
2.850150759329137 ; 0.0
2.860123914296954 ; 0.0
2.8700970929897607 ; 0.0
2.880070295237285 ; 0.0
2.890043520871022 ; 0.0
2.9000167697243135 ; 0.0
2.9101782167945514 ; 0.0
2.9201515120245487 ; 0.0
2.9301248299818154 ; 0.0
2.9400981705067055 ; 0.0
2.950071533441356 ; 0.0
2.960044918629481 ; 0.0
2.9700183259165405 ; 0.0
2.9801799332696257 ; 0.0
2.9901533847069888 ; 0.0
3.000126857786324 ; 0.0
3.010100352359289 ; 0.0
3.0200738682793298 ; 0.0
3.03004740540117 ; 0.0
3.0400209635811573 ; 0.0
3.050182723615048 ; 0.0
3.0601563238769627 ; 0.0
3.070129944772128 ; 0.0
3.0801035861628074 ; 0.0
3.090077247912258 ; 0.0
3.100050929885409 ; 0.0
3.1100246319487326 ; 0.0
3.120186537594924 ; 0.0
3.1301602798148696 ; 0.0
3.1401340417289214 ; 0.0
3.150107823208808 ; 0.0
3.160081624127021 ; 0.0
3.170055444357438 ; 0.0
3.180029283775321 ; 0.0
3.190003142257366 ; 0.0
3.2001652062290797 ; 0.0
3.2101391028273687 ; 0.0
3.2201130181236826 ; 0.0
3.2300869519992457 ; 0.0
3.2400609043363637 ; 0.0
3.2500348750186214 ; 0.0
3.260008863930838 ; 0.0
3.2701710599438694 ; 0.0
3.280145085312527 ; 0.0
3.290119128568873 ; 0.0
3.3000931896015477 ; 0.0
3.3100672683004513 ; 0.0
3.3200413645565083 ; 0.0
3.3300154782616653 ; 0.0
3.3401778006267038 ; 0.0
3.35015194923408 ; 0.0
3.3601261149703756 ; 0.0
3.370100297731488 ; 0.0
3.380074497414269 ; 0.0
3.390048713916513 ; 0.0
3.400022947137059 ; 0.0
3.410185390528244 ; 0.0
3.4201596571968227 ; 0.0
3.4301339402839375 ; 0.0
3.440108239691597 ; 0.0
3.450082555322867 ; 0.0
3.4600568870818287 ; 0.0
3.470031234873382 ; 0.0
3.480005598603335 ; 0.0
3.4901681741714814 ; 0.0
3.5001425697962127 ; 0.0
3.51011698108008 ; 0.0
3.520091407932049 ; 0.0
3.5300658502620137 ; 0.0
3.5400403079810694 ; 0.0
3.550014781000512 ; 0.0
3.5601774672690523 ; 0.0
3.5701519709106155 ; 0.0
3.580126489589915 ; 0.0
3.590101023221079 ; 0.0
3.6000755717192305 ; 0.0
3.610050135000641 ; 0.0
3.6200247129818677 ; 0.0
3.630187505580313 ; 0.0
3.6401621129872477 ; 0.0
3.650136734846575 ; 0.0
3.660111371077669 ; 0.0
3.6700860216008966 ; 0.0
3.680060686336693 ; 0.0
3.6900353652068514 ; 0.0
3.7000100581332287 ; 0.0
3.710172967189563 ; 0.0
3.720147688259102 ; 0.0
3.7301224231534635 ; 0.0
3.7400971717975016 ; 0.0
3.7500719341164492 ; 0.0
3.760046710036486 ; 0.0
3.770021499484054 ; 0.0
3.78018450634348 ; 0.0
3.7901593228798007 ; 0.0
3.8001341527253834 ; 0.0
3.8101089958090606 ; 0.0
3.82008385206023 ; 0.0
3.830058721408909 ; 0.0
3.8400336037856304 ; 0.0
3.8500084991215173 ; 0.0
3.8601716132873385 ; 0.0
3.870146534578419 ; 0.0
3.880121468624009 ; 0.0
3.8900964153573505 ; 0.0
3.900071374712248 ; 0.0
3.9100463466230457 ; 0.0
3.920021331024548 ; 0.0
3.9301845354584266 ; 0.0
3.9401595448804554 ; 0.0
3.950134566599536 ; 0.0
3.9601096005524923 ; 0.0
3.9700846466766584 ; 0.0
3.980059704909898 ; 0.0
3.9900347751904786 ; 0.0
4.000009857457155 ; 0.0
